0.21278205241070047 7198.928796465036 0.08350972242024106
0.40358162971916967 7198.353271616402 0.08343707668598943
0.5895211017328861 7198.928796465036 0.08350972242024106
0.8881212100408864 7199.037431028941 0.08348001557299292
1.5598942469867616 6871.802280835979 0.05282963398500661
1.5598942469867616 6956.595323060209 0.061865013392444816
1.5598942469867616 7003.848881771057 0.06648571428571429
1.5598942469867616 7031.142632580872 0.06908148888787892
1.5598942469867616 7112.586039552297 0.0760335470037746
1.5598942469867616 7162.05181579305 0.08021529262887994
1.5598942469867616 7182.311600222048 0.08191227693679119
1.6629482648143878 7199.037431028941 0.08322777695526054
1.714634918171396 7198.353271616402 0.08317383364136426
1.9918318408476976 7198.353271616402 0.08305866480934074
2.441696359229244 6851.9160901129535 0.04967608969097126
2.441696359229244 6856.8017964777355 0.05030144291461674
2.441696359229244 6859.401356111788 0.05060283583409486
2.441696359229244 6861.684846826337 0.050842963128834
2.441696359229244 6867.210375631253 0.05158795555137018
2.441696359229244 6868.741560259998 0.05174128182347715
2.441696359229244 6878.921813222736 0.052765367884043
2.441696359229244 6893.398264754241 0.054413408475101975
2.441696359229244 6900.952862609427 0.05528225382395214
2.441696359229244 6916.7658534673965 0.05700827379808672
2.441696359229244 6961.914305757638 0.0617709636685483
2.441696359229244 6967.258644083435 0.062333339092673544
2.441696359229244 6969.881254998481 0.06253993288397447
2.441696359229244 6969.972677932732 0.06264246080169457
2.441696359229244 6983.9779960689 0.06394614819575796
2.441696359229244 6989.402999664317 0.06446786924148368
2.441696359229244 7006.304688358976 0.06606241290293104
2.441696359229244 7019.2345186081075 0.06745758271299772
2.441696359229244 7024.009958956064 0.06781560800200277
2.441696359229244 7025.5394482404145 0.06795818307984575
2.441696359229244 7045.8589160991705 0.06983922028350238
2.441696359229244 7059.731427706657 0.07114664679077803
2.441696359229244 7065.864145883213 0.07168555799921052
2.441696359229244 7084.373253058522 0.07341021305756992
2.441696359229244 7117.452957194392 0.07603960396039604
2.441696359229244 7126.392203055709 0.07671493711479681
2.441696359229244 7135.192183014908 0.0775677147588721
2.441696359229244 7144.451270745444 0.07835448373785331
2.441696359229244 7150.309576259987 0.07881208522141836
2.441696359229244 7180.5522851748665 0.08145212341397627
2.441696359229244 7182.311600222048 0.08153809751775977
2.5461322617663917 7198.928796465036 0.08279137100931115
2.722900286140404 7199.037431028941 0.0825971804109296
4.353795896715513 7198.928796465036 0.08153562693982298
4.92265146704566 7198.928796465036 0.08090501310580055
5.072006371748563 7198.928796465036 0.08074598874765576
5.158567153502441 7198.928796465036 0.08064728397363485
5.597754037714823 7198.928796465036 0.08008247332229303
5.716189290909524 7184.0085399418 0.07868159915509693
6.1766174296747405 7198.353271616402 0.07924164066227563
6.7978253035634335 7198.353271616402 0.07825996347502756
6.9762463756054345 7198.353271616402 0.07788703582847523
7.140324099494495 7199.037431028941 0.0777607790883219
7.1736634405688315 7199.037431028941 0.07772239495084089
7.5173346174060285 7198.928796465036 0.07698424013774799
7.745030338901531 7198.928796465036 0.07662232263300468
7.974185359481005 7198.928796465036 0.07612879876290017
8.362573464735263 7198.928796465036 0.07510884943135084
8.425765651438308 7198.928796465036 0.07502659545300008
8.478962008892132 7198.928796465036 0.07488402189052544
8.817372096218905 7198.353271616402 0.07400968515035017
8.97070242233475 7198.353271616402 0.0735873994329306
9.437562234889338 7198.353271616402 0.07217246806807026
9.605770549023124 7198.928796465036 0.07167063313628935
9.716405478840926 7198.928796465036 0.07125387964597887
9.78270108786338 7198.928796465036 0.07105647009793707
10.177726482069867 7198.928796465036 0.06925236617277722
10.243516475221988 7198.353271616402 0.06875579271803928
11.167942009205895 7198.353271616402 0.06480166281856521
11.646549151133103 7198.928796465036 0.06343975170265735
11.879383687165904 7198.353271616402 0.06267378154117834
12.157209487068798 7198.928796465036 0.06210723725337516
12.567560583388264 7199.037431028941 0.06106916273229258
12.587197520481537 7193.152028212604 0.06052387409892228
12.607235338619528 7198.353271616402 0.06099560713169282
12.895862890925837 6882.936871866101 0.03448336539815119
12.895862890925837 6942.9820114002 0.03959496074662467
12.895862890925837 6964.437554448639 0.04141766316092782
12.895862890925837 7089.411625126118 0.05095473495794453
12.895862890925837 7121.812964071927 0.05360566205974142
12.895862890925837 7146.682377175168 0.05583736646320843
12.895862890925837 7182.020486551111 0.05896984371560643
12.906771513765392 7198.928796465036 0.06035248571522576
13.102790812326806 7198.353271616402 0.05999199302405932
13.317023798776582 7198.928796465036 0.05961219991006898
13.767468371440074 7198.928796465036 0.05877320933089131
13.922624564235647 7198.928796465036 0.05847709500882859
13.958372156603808 7198.928796465036 0.0583509722420241
14.113268647638066 7198.928796465036 0.05806034151851811
14.575532914631264 7198.928796465036 0.05721586734078372
14.908927620892044 7198.928796465036 0.05666750748511203
15.2005740637923 7198.928796465036 0.056075278840986606
15.413851957343267 7199.037431028941 0.05568441658852753
15.704353797390308 7198.928796465036 0.055197903071911913
15.942145435902804 7184.0085399418 0.053549032982023806
15.95015156530702 7198.353271616402 0.054798427122808364
15.982589628678227 7198.928796465036 0.05473728079314769
16.533051708719324 7198.353271616402 0.05367964418315135
16.829763575124048 7198.353271616402 0.05315315809390099
16.87009236983617 7198.353271616402 0.0531257369434192
17.032682640604172 7199.037431028941 0.052887858000625114
17.07848476785495 7150.309576259987 0.04883723506797106
17.195066947418187 7198.928796465036 0.0525931937574714
17.396790882937896 7198.928796465036 0.052165473070047486
17.65873931558157 7198.353271616402 0.05172725826884793
17.70373918832548 7198.928796465036 0.05168839999561312
17.77564469568006 7198.928796465036 0.05152937563746833
17.8644271374934 7199.037431028941 0.05139087663886559
18.29836010537331 7198.928796465036 0.0505423278972593
18.384037207497297 7199.037431028941 0.050381922167936084
18.439494278277042 7198.928796465036 0.05027911516653689
18.45626359850289 7198.353271616402 0.050142315771000485
18.482517980141576 7198.928796465036 0.05016395959684583
18.641437761875906 7198.353271616402 0.04977487235454451
18.744696122978613 7198.928796465036 0.0496320505368443
18.936715458876616 7198.928796465036 0.04929206742632785
19.015855489869036 7199.037431028941 0.04918653045781309
19.205743757483358 7198.928796465036 0.04876015836632632
19.30000803956807 7198.353271616402 0.048486078281900394
19.469392516031224 7198.928796465036 0.04825018370055165
19.71936987997118 7180.5522851748665 0.04612335892989844
20.185726852305006 7198.353271616402 0.04666531388990956
20.36000075733684 7198.928796465036 0.04632544060714403
20.473904049618156 7198.928796465036 0.046018359087967885
20.479788478257255 7198.353271616402 0.04601269050844297
20.582635022993255 7198.353271616402 0.045820742455070444
20.773802903274284 7198.928796465036 0.045234204494357375
20.88400290907121 7198.928796465036 0.04495454096796482
20.899219929686385 7198.928796465036 0.044927122975181234
21.390355827901427 7198.928796465036 0.043452034963424396
21.559822439481888 7184.0085399418 0.041629078747607205
21.745720874588912 7198.928796465036 0.04235531525208103
22.533799872111103 7135.192183014908 0.034065775288141996
22.853790223502067 7198.353271616402 0.0381757257007475
22.92639667713911 7198.928796465036 0.03796843640670754
23.500734413997833 7198.353271616402 0.03657433051261099
23.523602039929816 7198.928796465036 0.036509799190620855
23.52388033924069 7182.311600222048 0.03521688649707535
23.52636167933621 7198.353271616402 0.03653045667184012
23.732400528621326 7198.928796465036 0.036153365284434254
23.908524629689463 7198.353271616402 0.035779117148639086
24.151839113302948 7198.353271616402 0.03525263105938873
24.206411256220285 7195.150142915573 0.03478781027225481
24.67069380612776 7198.928796465036 0.034360228556387845
24.888631370053016 7117.452957194392 0.02894993724724585
24.924999116891055 7199.037431028941 0.03395351132606228
25.102822839437188 6964.437554448639 0.020515775824809106
25.253022353329776 7198.353271616402 0.03331121360527802
25.68605547944243 7198.353271616402 0.032669558684004146
25.719872545655512 7198.928796465036 0.0325890262225683
25.84652639495776 7198.928796465036 0.03236419868174291
26.338905691518686 7198.353271616402 0.031638523425888854
26.55930802139836 7198.353271616402 0.03138624884145639
26.61888925337106 7198.928796465036 0.03128392976606969
26.69255643272564 7198.353271616402 0.031172363867698432
26.750877986921132 7135.192183014908 0.027463794693963744
27.602640048053228 7199.037431028941 0.029950594131613724
27.62441762424516 7198.353271616402 0.02986163287466889
28.09150005881945 7198.928796465036 0.029331768679878484
28.3259397079818 7198.353271616402 0.02902254566992613
28.46593418974527 7198.928796465036 0.028893080795341135
29.178601573001597 7024.009958956064 0.01978879810646578
29.39033868918587 7148.255409501003 0.025426734648636665
29.408399921951148 7198.353271616402 0.027843436199209173
29.410402252316782 6968.490577368454 0.017394358493064713
29.419296770216366 7198.928796465036 0.02782377907678135
29.419950590195903 7198.353271616402 0.02785440465940189
29.712361624659742 7198.928796465036 0.027494763163378337
29.78965429136086 7198.928796465036 0.027456377973481317
29.90137388700822 7198.928796465036 0.027297353615336528
30.02699600239818 7198.928796465036 0.027204132439872342
30.333850726749084 7198.928796465036 0.026918985314923066
30.41674127440636 7198.353271616402 0.026812400941093883
30.989563652343577 7184.0085399418 0.025605623886114107
31.26408140117686 7198.928796465036 0.026200633903993156
31.519486746666644 7066.83935144599 0.02005457641261572
31.843379067078263 7198.928796465036 0.02565227404832147
32.043553323253285 7198.928796465036 0.02550970048584683
32.09195609733287 7198.928796465036 0.025493249690176682
32.434109308837115 7198.353271616402 0.025150679221897433
32.43994694990735 7198.928796465036 0.025202618966670687
32.47951098401835 7198.928796465036 0.025202618966670687
32.52610807347852 7199.037431028941 0.02516902729112175
32.67692254457891 7198.353271616402 0.02495324693842855
32.76223750965189 7198.928796465036 0.024950373433061713
32.89672175685136 7198.928796465036 0.024846185060484093
33.33439794406751 7198.353271616402 0.024519992760816272
33.352372639287694 7195.150142915573 0.02443213934880556
33.8033188655386 7199.037431028941 0.024231357646942703
33.84898203500168 7180.5522851748665 0.023609390911843227
34.01691895938161 7198.353271616402 0.02407577012301128
34.7259774927626 7184.0085399418 0.0231523245835992
35.504790912704166 7198.928796465036 0.02317368750068545
35.52826240335824 7198.928796465036 0.023146269507901867
35.582207231862924 7198.353271616402 0.023072156015377782
35.88146014288399 7184.0085399418 0.022420735329710225
36.05502907479221 7184.0085399418 0.022332724592400273
36.15650529085925 7198.928796465036 0.022817253594498856
36.22155937287592 7198.928796465036 0.022778868404601835
36.35231604387681 7198.353271616402 0.02264987029795822
36.492133792638484 7198.353271616402 0.02257309107660921
37.27255613799193 7198.928796465036 0.022225024950373432
37.420907981787856 7198.928796465036 0.022153738169136114
37.67001313240596 7184.0085399418 0.021568131312020067
37.67163727047052 7198.353271616402 0.021997246916491627
37.830607256674334 7198.928796465036 0.02196729581820774
38.01961492184621 7198.353271616402 0.02183272001360089
38.06587660268749 7199.037431028941 0.02184605767490829
38.14847483098391 7198.928796465036 0.021769886270165933
38.43564789942663 7198.353271616402 0.021492697747626698
38.59759432342781 7198.928796465036 0.02147925554665994
38.69665272207076 7198.353271616402 0.021355591995217752
38.770408076764795 7198.353271616402 0.021322686614639604
39.11734031493364 7198.928796465036 0.02111185444335991
39.19970931763328 7198.928796465036 0.021051534859236026
39.43611786753859 7199.037431028941 0.021039990787807005
39.4484943944967 7198.928796465036 0.021013149669339006
40.118901019168526 7198.928796465036 0.020744453340059883
40.13444241991412 7184.0085399418 0.020374485687253845
40.376800072477494 7198.353271616402 0.02051102056037863
40.731421910675365 7182.020486551111 0.01981069777679947
40.831543121804714 7198.928796465036 0.020360601441089702
41.07240948814536 7198.928796465036 0.020250929469955364
41.174025556308706 7198.353271616402 0.020160029834211723
41.222269574548115 7198.353271616402 0.020181966754597155
41.5307668807352 7198.928796465036 0.020163191893047893
41.737071394914864 7198.353271616402 0.01996259755074284
41.8762155853855 7193.152028212604 0.019852533448993372
42.52936303248591 7198.928796465036 0.019669668022943378
42.52943410822259 7198.928796465036 0.019669668022943378
42.54328606825915 7198.928796465036 0.01964773362871651
42.72261837252507 7198.928796465036 0.019598381241706056
42.86632117791157 7198.928796465036 0.019549028854695606
42.88143972636976 7195.150142915573 0.019361317974525158
42.92119792275819 7198.928796465036 0.019587414044592622
43.03220115528934 7184.0085399418 0.01916983872032388
43.37620837301385 7198.928796465036 0.01934613570809708
43.41197832537193 7198.928796465036 0.019291299722529912
43.45148530905918 7199.037431028941 0.019312704601161395
43.65163350242411 7198.928796465036 0.019198078547065726
43.781836483699074 7198.928796465036 0.019077439378817954
43.93426126940772 7198.928796465036 0.019060988583147805
44.03062414139511 7198.928796465036 0.01900066899902392
44.22926463918383 7184.0085399418 0.01870228167836476
44.37879137569831 7199.037431028941 0.01893434667456283
44.475434620764254 7198.353271616402 0.0188986569120494
44.60447662157203 7199.377290150607 0.01891654786709069
44.614090471006236 7198.353271616402 0.018832846150893107
44.67068499028781 7198.928796465036 0.018814226648095546
44.85004707390459 7198.928796465036 0.018792292253868678
44.95106269509245 7198.928796465036 0.018759390662528377
45.147878733628865 7198.353271616402 0.018646382327616937
45.325368210041205 7199.037431028941 0.018632757022926296
45.37724172590744 7198.928796465036 0.018600366304383588
45.61034634503875 7198.928796465036 0.01852359592458955
45.754987967119675 7198.928796465036 0.018446825544795518
45.90660126384615 7198.928796465036 0.01841940755201193
45.9368468055526 7198.353271616402 0.018383139282991758
46.23653033079862 7199.037431028941 0.018353101164136056
46.29538350777213 7198.353271616402 0.018257001990775526
47.037589836982136 7198.928796465036 0.018046522850155185
47.55840061669571 7198.928796465036 0.01788201489345368
47.725137496288504 6910.469639795822 0.009620318111852232
48.14814117435009 7199.037431028941 0.01769508737874725
48.43020564649352 7198.928796465036 0.01756944977572082
48.776707650029195 7198.928796465036 0.01749267939592678
48.81421814321308 7198.928796465036 0.017509130191596934
48.83394741963012 7182.020486551111 0.01674554259300022
49.47618116185786 7198.928796465036 0.017317204242111844
49.982892423036695 7198.353271616402 0.017143703281214867
50.06506340792536 7198.353271616402 0.017171124431696657
50.193156661569866 7198.353271616402 0.017127250590925795
50.22160762713624 7198.353271616402 0.01713273482102215
50.358154694490445 7198.353271616402 0.017088860980251287
50.36955860929073 7198.928796465036 0.017119794694070038
50.542681198509115 7180.5522851748665 0.01612308369801558
51.23655498435202 7198.928796465036 0.016889483554687928
51.27765832173342 7198.928796465036 0.016878516357574494
51.31019683543498 7198.353271616402 0.016803681015240674
51.31778901496614 7198.353271616402 0.01679271255504796
51.358022287915915 7198.928796465036 0.01685109836479091
51.52379426529422 7198.928796465036 0.01677981158355359
51.82362345575418 7184.0085399418 0.01629298774450483
51.90078138006839 7199.037431028941 0.016702583252452472
52.12145503130994 7198.928796465036 0.016637238021078953
52.42731188841886 7198.353271616402 0.016386879527917474
52.42926231004859 7198.928796465036 0.016565951239841635
52.65392704259257 7184.0085399418 0.01607296090122995
52.68510649865634 7198.928796465036 0.016472730064377446
52.77775898594546 7198.928796465036 0.016428861275923714
52.94639171043025 7198.928796465036 0.016423377677366995
52.974305120305665 7198.928796465036 0.016390476086026694
52.99227466101565 7182.311600222048 0.015924635862896257
53.06195637555672 7198.353271616402 0.016282679156086673
53.23663193240454 7198.928796465036 0.01632467290334609
53.316714451371006 7198.928796465036 0.01629177131200579
53.68037188145526 7198.928796465036 0.016236935326438624
53.799988859571314 7198.353271616402 0.01615654186387044
53.96233932783589 7180.5522851748665 0.015374452976632813
54.137231907796476 7198.928796465036 0.016165648545201302
54.37184848353619 7199.037431028941 0.016143271534871988
54.68436273131352 7198.353271616402 0.01599749919107606
54.73547724634839 7198.353271616402 0.016013951881365136
54.78398978398422 7198.928796465036 0.016088878165407265
54.83017476796109 7198.928796465036 0.01605049297551025
55.44183829360193 7198.353271616402 0.01589329881924526
55.960112299115806 7016.3933492243095 0.011181334807461063
56.0244531929538 7198.353271616402 0.01581651959789625
56.087261546657224 7198.353271616402 0.015811035367799892
57.12572990237098 7198.353271616402 0.015646508464909153
57.157652666726314 7198.353271616402 0.01565747692510187
57.20774655425061 7199.037431028941 0.015611377058349373
57.586362109737635 7198.353271616402 0.015591666163945575
57.90751709837602 7198.353271616402 0.015536823862981995
58.3587543013765 7198.928796465036 0.015430846338601244
58.51522319293928 7198.928796465036 0.015430846338601244
58.58847816025072 7198.928796465036 0.015430846338601244
58.611700447403756 7150.309576259987 0.013932128651990384
58.64704365272769 7199.037431028941 0.015392039129886438
58.68035354721793 7198.353271616402 0.015410686570765763
59.252659589966704 7198.928796465036 0.015304723571796757
59.81869444151447 7198.353271616402 0.015185833136815088
59.844894083216744 7198.353271616402 0.015213254287296878
59.91773235997874 7198.928796465036 0.015189568002105702
60.13389320382738 7198.928796465036 0.015134732016538532
60.155306077783024 7198.928796465036 0.015151182812208683
60.24306073448828 7198.353271616402 0.015147443526140583
60.80162945582111 7158.020712790103 0.013904098224655716
60.93174396795431 7150.309576259987 0.013544355687521466
61.4155396337901 7199.037431028941 0.014909495687267982
61.7069999433146 7199.037431028941 0.014898528790844835
61.72987733548075 7198.928796465036 0.014898937278599709
61.800288289708654 7198.928796465036 0.014920871672826576
61.81959896718488 6856.8017964777355 0.007002206255382909
61.946662936871206 7198.353271616402 0.014928074322286267
62.007258686615515 7198.353271616402 0.014922590092189908
62.04191918021437 7198.928796465036 0.014882486482929558
62.423955020189744 7198.928796465036 0.014838617694475822
62.584608184677386 7198.353271616402 0.01481290549026275
62.68125895122573 7180.5522851748665 0.01409737704015633
63.27364711969114 7198.928796465036 0.014690560533444467
64.24944517281963 7198.928796465036 0.014646691744990732
64.27816994936178 7198.353271616402 0.014560630905830286
64.54295016324163 7180.5522851748665 0.013910219359810641
64.84794462337013 7198.928796465036 0.014504118182516094
64.92589662434288 7198.928796465036 0.014471216591175793
65.06614824224202 6979.35851530486 0.009455259847314212
65.19248456512112 7198.928796465036 0.014454765795505642
65.62617932383792 7198.353271616402 0.014330293241783252
65.75979593632592 7198.928796465036 0.014383479014268324
65.77903037694018 7198.353271616402 0.014302872091301462
65.87070613527744 7198.928796465036 0.014350577422928022
66.08646993681518 7198.353271616402 0.014264482480626957
66.27832086092492 7198.353271616402 0.014220608639856094
66.33921312712617 7198.928796465036 0.01428477424024742
66.62622911194374 7198.353271616402 0.014132860958314368
66.96459085753378 7198.353271616402 0.014154797878699799
67.16049732874853 7198.928796465036 0.014213487459010101
67.39070436361187 7172.65249231697 0.013332230584732445
67.41421736462472 7184.0085399418 0.013845189113071794
67.43909948147373 7199.037431028941 0.014185680523340297
67.45847466610415 7184.0085399418 0.013812185086580563
68.25478534471458 7198.928796465036 0.014048979502308595
68.28677859699629 7198.928796465036 0.014054463100865312
68.54316725348662 7198.353271616402 0.014083502887447146
68.69040391574816 7199.037431028941 0.013982792939512084
68.89604067595442 7198.928796465036 0.014016077910968294
69.32955212991472 7198.928796465036 0.01400511071385486
69.43044415321884 7199.037431028941 0.013988276387723656
69.45843280718435 7198.928796465036 0.013972209122514559
69.67519441692971 7198.928796465036 0.013950274728287691
69.92898824332019 7198.928796465036 0.01390092234127724
70.02485022957278 7198.353271616402 0.013924460214652766
70.06145752073998 7198.928796465036 0.013889955144163807
70.6338735863141 7198.353271616402 0.013880586373881903
70.72829387930058 7198.928796465036 0.013785766771586185
70.89965905757393 7198.353271616402 0.013869617913689188
71.01369592765131 7198.353271616402 0.013875102143785545
71.06529349504079 7181.297324162995 0.013280643723203426
71.34244272939445 7198.928796465036 0.013780283173029468
71.58821391516818 7150.309576259987 0.012586002503905428
71.68885791216239 7198.928796465036 0.013774799574472751
71.7565530179683 7198.353271616402 0.013820259842821965
71.81976134871483 7184.0085399418 0.013201610596492773
72.7594120072182 7198.353271616402 0.013759933311762028
73.2539935457154 7198.928796465036 0.013681578399008566
73.45323646297828 7198.928796465036 0.013599324420657812
74.65665341963154 7198.928796465036 0.013610291617771246
74.7588217579176 7198.928796465036 0.013544488435090644
74.83273257680246 7198.928796465036 0.013593840822101095
74.90998237543829 7198.928796465036 0.013560939230760795
75.07152460956678 7199.037431028941 0.013478315704047334
75.22358943292056 7198.928796465036 0.01351707044230706
75.31636017304554 7198.353271616402 0.013535079877811353
75.82978938361674 7198.928796465036 0.013478685252410041
76.34188203450178 7198.928796465036 0.013385464076945856
76.44670851697663 7198.928796465036 0.01344578366106974
77.21219077089617 7199.037431028941 0.013385097084450586
77.34642124732348 7198.353271616402 0.013370552974920616
77.89679366570019 7199.037431028941 0.013363163291604292
77.97024512641673 7198.353271616402 0.013326679134149753
78.13120122356419 7198.928796465036 0.01339643127405929
78.17930304276726 7198.928796465036 0.013390947675502573
78.23129160626237 7199.037431028941 0.013368646739815866
78.72967319935648 7198.928796465036 0.01339643127405929
78.87685064955836 7198.353271616402 0.013277321063282532
79.50557564846552 7199.037431028941 0.013368646739815866
79.63977216013332 7198.928796465036 0.013319660894265253
80.48741362137929 7198.928796465036 0.013281275704368234
80.875739428536 7199.037431028941 0.013297361913065412
81.23439455712679 7198.353271616402 0.013206026072029878
82.39344397611676 7198.928796465036 0.013237406915914499
82.4136519845878 7195.150142915573 0.013214867823882252
82.4883470998695 7198.353271616402 0.013178604921548088
82.7205838652467 7198.928796465036 0.013199021726017482
82.83459779327356 7198.353271616402 0.013206026072029878
83.38913938507461 7198.353271616402 0.013173120691451731
83.59495732829629 7198.353271616402 0.013184089151644447
84.33551212559563 7199.037431028941 0.013149308811352931
84.43432087241962 6922.559340469161 0.007385309630560062
84.48401125906355 7198.353271616402 0.013145699540969941
84.65103409975207 7198.928796465036 0.013182570930347332
84.94981608051285 7198.353271616402 0.013195057611837162
85.01744510254555 7198.928796465036 0.013177087331790615
85.11550216820213 7198.353271616402 0.013178604921548088
86.15413692974758 7184.0085399418 0.012541530066668133
86.29587995632959 7198.353271616402 0.013173120691451731
86.3847873473449 7198.928796465036 0.013188054528904048
86.49098230058269 7198.928796465036 0.01316612013467718
86.87542454002124 7198.353271616402 0.013184089151644447
87.01809502917428 7198.928796465036 0.013209988923130916
87.09279632558257 7198.928796465036 0.013199021726017482
87.23040869822462 7184.0085399418 0.01255803207991375
87.53794602989392 7198.928796465036 0.013171603733233898
87.94549901562672 7199.037431028941 0.013143825363141359
87.97181811603333 7198.353271616402 0.013211510302126236
88.26457906425176 7198.928796465036 0.013177087331790615
88.9331114172977 7198.928796465036 0.013177087331790615
89.2029202612703 7198.928796465036 0.013177087331790615
89.33599239786251 7199.037431028941 0.013209626741680238
89.4419734147974 7198.928796465036 0.013215472521687633
89.53134757693658 7198.928796465036 0.013215472521687633
89.53471941217134 7198.928796465036 0.013215472521687633
89.62603850832835 6931.80423161081 0.00728931500171206
89.87426571540374 7199.037431028941 0.013187692948833945
90.35755727661844 7198.353271616402 0.013260868372993458
90.38362092140898 7198.928796465036 0.0132045053245742
90.7402436830651 7150.309576259987 0.011854773485192613
90.77344251087365 7198.928796465036 0.013242890514471216
90.90879336109066 7199.037431028941 0.013231560534526532
91.02182716403445 7193.152028212604 0.012940382007543523
91.0405594212732 7198.353271616402 0.013238931452608026
91.34905855360924 7199.037431028941 0.013220593638103385
91.45949157138465 7024.009958956064 0.009314049022508477
91.58425858145004 7198.928796465036 0.013237406915914499
91.6751776541254 7180.5522851748665 0.01254506922081854
91.84863534248962 7198.353271616402 0.013216994532222593
91.91664396473084 7198.928796465036 0.01325385771158465
91.97601476583579 7198.928796465036 0.013237406915914499
92.07236016435978 7198.353271616402 0.013216994532222593
92.32824606059847 7199.037431028941 0.013209626741680238
92.46028656799494 7198.928796465036 0.013226439718801067
92.51005033459678 7199.037431028941 0.013187692948833945
92.77021690066985 7198.928796465036 0.013215472521687633
93.66341477762535 7198.353271616402 0.013244415682704383
94.09455995897865 7198.353271616402 0.01320054184193352
94.39929907106801 7198.928796465036 0.013160636536120464
94.47645534169227 7198.353271616402 0.013260868372993458
94.68843140603097 7199.037431028941 0.013171242604199225
94.70978279477038 7198.928796465036 0.013155152937563747
95.31401270637205 7198.353271616402 0.013238931452608026
95.3717481547925 7198.928796465036 0.013199021726017482
95.432611911281 7198.353271616402 0.013277321063282532
95.51925119816387 7199.037431028941 0.013171242604199225
95.80984172861977 7184.0085399418 0.012618539461814342
95.96488062758837 7195.150142915573 0.013061206570116179
95.99106681055905 7184.0085399418 0.012607538119650598
96.09198796245066 7199.037431028941 0.013154792259564504
96.2013246475802 7198.928796465036 0.013188054528904048
96.24503917329483 7199.037431028941 0.013182209500622372
96.77501709303631 7198.928796465036 0.01322095612024435
96.83451430714238 7198.353271616402 0.013255384142897099
96.83673095086701 7198.928796465036 0.013237406915914499
97.04040193981885 7184.0085399418 0.012613038790732469
97.60542253674922 7198.928796465036 0.013215472521687633
98.8714920893632 7199.037431028941 0.013286395016642265
99.01281317845867 7199.037431028941 0.013286395016642265
99.10993993153143 7198.353271616402 0.013216994532222593
99.14938904483364 7198.928796465036 0.013292242901481668
99.43653967425509 7198.928796465036 0.013319660894265253
99.52744473949929 7198.928796465036 0.013286759302924951
99.63522639389244 7199.037431028941 0.01329187846485384
99.78752770978458 7198.928796465036 0.013297726500038385
99.93969306459904 7195.150142915573 0.013291698450765287
99.97871750671446 7198.928796465036 0.013319660894265253
100.97623238895704 7198.928796465036 0.013292242901481668
100.97692902969574 7199.037431028941 0.013319295705911706
100.99665032082316 7198.353271616402 0.013354100284631541
101.00525956245676 7198.353271616402 0.013354100284631541
101.0589434984505 7198.928796465036 0.013330628091378686
101.45623946698785 7198.353271616402 0.0133595845147279
101.48343622595924 7198.353271616402 0.013370552974920616
101.52256394939207 7023.0829333390475 0.00944104892955919
101.5241895421232 7198.928796465036 0.013369013281275705
101.72846960990296 7198.928796465036 0.013385464076945856
102.19118767594439 7180.5522851748665 0.012847824291965982
102.20729969519051 7198.928796465036 0.013412882069729438
102.38156375862243 7199.037431028941 0.013428964670143173
102.3884457315374 7024.009958956064 0.009877329934682173
102.6747785585307 7180.5522851748665 0.012831310378994303
102.67707455422885 7198.928796465036 0.01342933286539959
102.72556173657951 7199.037431028941 0.013445415014777893
102.98336782617908 7198.353271616402 0.013485721806944132
103.00949383858854 7198.928796465036 0.013440300062513023
103.13663867026521 7198.353271616402 0.013496690267136848
103.31639028196267 7198.928796465036 0.013473201653853325
103.48045977142367 7198.928796465036 0.013506103245193626
103.80410973850042 7198.353271616402 0.013469269116655058
104.09881443099862 7198.928796465036 0.01353352123797721
104.25968682977442 7150.309576259987 0.012303482201220932
104.46341613338916 6868.900644726074 0.006536562979872563
104.95439995575308 7198.928796465036 0.013582873624987661
105.54952760513626 7198.928796465036 0.013604808019214529
105.60145361131387 7198.928796465036 0.013599324420657812
105.81595156063904 7198.353271616402 0.013600890638967649
106.07431358251914 7198.353271616402 0.013655732939931227
106.42720206206614 7180.5522851748665 0.013040486609968899
106.4465335988167 7198.353271616402 0.013655732939931227
106.5348899666159 7198.353271616402 0.01367766986031666
106.93603101061056 7198.928796465036 0.013698029194678716
107.35974769775369 7198.928796465036 0.013703512793235433
108.1584834848446 7198.353271616402 0.013765417541858387
108.22781493386847 7198.928796465036 0.013747381581689169
108.42126468400285 7198.928796465036 0.013769315975916034
108.48308618492963 7198.928796465036 0.013802217567256336
108.64868315509315 7199.037431028941 0.013801839148530162
109.58690563657636 7199.037431028941 0.013829256389588028
110.2703041280468 7180.5522851748665 0.013200121102028459
110.35490187081426 7198.928796465036 0.013944791129730974
110.4244398519479 7184.0085399418 0.013311624018130212
111.48615866968514 7198.353271616402 0.014012207896194492
111.68261994292902 7198.353271616402 0.014045113276772641
112.27310610830793 7198.928796465036 0.014098331889319046
112.2791258899197 7198.353271616402 0.014056081736965357
112.2799872237596 7198.353271616402 0.014050597506868998
112.45425343115832 7198.928796465036 0.014147684276329498
112.60623415623638 7198.928796465036 0.0141805858676698
112.73977688795883 7184.0085399418 0.013636163611960659
113.02767191373758 7198.928796465036 0.014202520261896667
113.05119736990073 7198.353271616402 0.014187703259277946
113.24885375088203 7198.928796465036 0.014246389050350403
114.09272483671226 7198.353271616402 0.014302872091301462
114.25615230050877 7198.353271616402 0.014253514020434241
114.56053046270111 7199.037431028941 0.014361150866110645
114.56135315024066 7198.928796465036 0.01438896261282504
114.75271649082256 7198.353271616402 0.0143631986223614
115.15320955371261 7198.353271616402 0.01441255669322862
115.3951809280538 7198.353271616402 0.014429009383517695
115.58725070948627 7198.353271616402 0.014461914764095843
115.68853319436501 7198.353271616402 0.014489335914577631
116.14563161275622 7198.928796465036 0.01456443776663998
116.29569637695703 7199.037431028941 0.0145969391392083
116.64028206905218 7198.353271616402 0.014604504746601148
116.64992934216181 7180.5522851748665 0.013899210084496188
116.80638677935289 7198.928796465036 0.014663142540660883
117.01408400945067 7184.0085399418 0.01427424145745781
117.2475618475708 7184.0085399418 0.014323747497194658
117.31857307624594 7198.928796465036 0.01473991292045492
117.85497726437261 7198.928796465036 0.014871519285816124
117.98016883430667 7198.928796465036 0.014849584891589256
118.28703391844813 7198.928796465036 0.014866035687259407
118.7799111997108 7198.928796465036 0.01493183886994001
119.5776280931197 7198.353271616402 0.015065180074695214
119.59170627987548 7182.020486551111 0.014549856922738278
119.67579901254447 7198.353271616402 0.015092601225177003
119.79271989825934 6856.8017964777355 0.007190976769428615
120.00307609315342 7198.353271616402 0.015120022375658793
120.20412783450911 7198.928796465036 0.01510731402375495
120.23531453164514 7198.353271616402 0.015147443526140583
120.33484663691749 7198.928796465036 0.015101830425198233
120.3987092123059 7198.928796465036 0.0151237648194251
120.97307383275148 7198.353271616402 0.01520777005720052
121.17212297184862 7198.353271616402 0.015224222747489594
121.94384718843777 7199.037431028941 0.01528237016565497
122.06890112795001 7199.037431028941 0.015315270854924411
122.27099962224462 7198.928796465036 0.015326657966023623
122.74926743621283 7199.037431028941 0.015435906715579024
122.8778354347524 6964.437554448639 0.009842962109206167
122.89854530683766 7198.928796465036 0.015496649521281845
122.9211788780682 7198.353271616402 0.015421655030958478
124.16831916395107 7198.928796465036 0.015984689792829646
124.84715955068495 7198.353271616402 0.01618944724444859
124.93548556777841 7198.928796465036 0.01617113214375802
125.08228142654015 7198.928796465036 0.016182099340871454
125.09339233297989 7198.928796465036 0.016209517333655037
125.26235953570027 7198.353271616402 0.016381395297821115
125.68243847761099 7198.353271616402 0.016485595669651916
125.85007624837485 7198.928796465036 0.016368541691799826
126.0072232483266 7198.353271616402 0.01658431181138636
126.62877516158647 7198.928796465036 0.016549500444171483
126.6676399576591 7198.928796465036 0.016544016845614767
126.91796245311131 7199.037431028941 0.01659839773643258
126.97765311680786 7198.353271616402 0.01675980717446981
127.29079336017938 7198.353271616402 0.01681464947543339
127.5936113889119 7086.449528550969 0.013654866511327588
127.73814791866114 7180.5522851748665 0.01574326369966697
128.20147603573207 7198.353271616402 0.017012081758902276
129.35753252761256 7198.353271616402 0.01718209289188937
129.49410803720406 7198.928796465036 0.017180114278193923
129.51185305198007 7199.037431028941 0.01713577566116677
129.70735618555096 7198.928796465036 0.01725688465798796
130.36025089406075 7198.928796465036 0.017399458220462596
131.030425369456 7198.928796465036 0.017574933374277537
131.20027882344465 7198.928796465036 0.01765170375407157
131.3181113049854 7198.928796465036 0.01763525295840142
131.6260929926519 7198.928796465036 0.017788793717989495
131.63364050402672 7198.928796465036 0.017755892126649193
131.7564166317449 7198.928796465036 0.017772342922319342
131.96575011704311 7199.037431028941 0.01785410737688288
132.24264185305935 7198.928796465036 0.017947818076134284
132.38910268117095 7198.928796465036 0.017991686864588016
132.83287884272323 7198.928796465036 0.018079424441495486
133.08110864087485 7198.353271616402 0.018207643919908305
133.32188866076018 7198.928796465036 0.018216514405413407
133.3872716888348 7198.353271616402 0.018235065070390095
133.55955750145588 7199.037431028941 0.018342134267712907
133.95875345140553 7199.037431028941 0.018435352887309655
134.10634620848725 6948.969750257383 0.011037999861229966
134.1072946517053 7198.928796465036 0.018452309143352233
134.38790816404975 7082.513646618906 0.015014863141095883
134.45942820898327 7199.037431028941 0.018583405989022136
134.5136805471829 7198.928796465036 0.018622300698610456
134.6733941308395 7198.928796465036 0.018677136684177625
134.79054216930842 7198.928796465036 0.018710038275517926
135.15776238923235 7184.0085399418 0.018267728662896873
135.37340868953726 7198.353271616402 0.01895898344310934
136.04938536376434 7198.353271616402 0.019145447266385507
136.12682438676055 7198.353271616402 0.019161899956674583
136.2738719709064 7180.5522851748665 0.018611179919081827
136.5928391577102 7198.928796465036 0.0193516193066538
136.9016999482292 7198.928796465036 0.019439356883561267
137.11051066788377 7198.928796465036 0.019466774876344854
137.1631861496804 7198.353271616402 0.019584185674094142
137.18825612535144 7199.037431028941 0.019559459770682196
137.23885836204104 7184.0085399418 0.018933309863803385
137.38396577988468 7198.928796465036 0.019675151621500093
137.4218164328471 7198.353271616402 0.019639027975057722
137.55386721639024 7198.928796465036 0.019708053212840394
137.99030089698252 7077.58091830555 0.015919356925482783
138.2464425485805 7198.928796465036 0.020020618330573257
138.32793994728152 7198.928796465036 0.020042552724800124
138.43778567363458 7198.353271616402 0.02006679792257364
138.58316418937682 7198.928796465036 0.02015222469593446
139.00505706785523 7198.928796465036 0.020338667046862834
139.06240940349116 7198.928796465036 0.02039898663098672
139.2030834878655 7198.928796465036 0.02039898663098672
139.21547200430115 7198.353271616402 0.020390367498258757
139.42179754789674 7180.5522851748665 0.019728621363498747
139.6820815067284 7198.928796465036 0.02059091258047181
140.73184924711762 7150.309576259987 0.019405267064780244
140.780091569852 7198.353271616402 0.02114170702145979
140.82561236972052 7199.037431028941 0.02114965975203847
141.20433296053443 7198.928796465036 0.02140796876542262
141.34113786423748 7198.928796465036 0.021446353955319637
141.34267728263876 7198.353271616402 0.021404950066084973
141.66655023873034 7199.037431028941 0.021555434919694902
142.04139042542886 7198.353271616402 0.021739488101962808
142.51055290076891 7198.353271616402 0.02204660498735885
142.6264609712419 7198.928796465036 0.022137287373465965
142.658315955801 7198.353271616402 0.02217274227957508
142.91792062851022 7198.928796465036 0.022186639760476416
143.06491591181248 7198.928796465036 0.022296311731610754
143.13519159852024 7198.928796465036 0.022378565709961506
143.3634037234647 7199.037431028941 0.0224821376674508
143.49490510724704 7198.353271616402 0.022605996457187357
143.58150005891235 7198.353271616402 0.022611480687283716
143.7135907816959 7198.928796465036 0.022784352003158554
143.8165899653747 7198.928796465036 0.022817253594498856
144.0053201703431 7198.353271616402 0.022951502953257905
144.7407828774518 7198.353271616402 0.023379272900773823
145.01847429060223 7198.353271616402 0.023565736724049994
145.08040656646523 7198.928796465036 0.0236452769765631
145.1812627679974 7198.928796465036 0.023683662166460118
145.6662581124545 7198.353271616402 0.02405383320262585
145.69078827866528 7198.353271616402 0.02405931743272221
145.69614738764926 7198.928796465036 0.02409493205821388
145.72973304989614 7198.353271616402 0.02410319127349307
145.78123168047392 7198.353271616402 0.024119643963782144
146.12202395773025 7184.0085399418 0.023553873572575854
146.1313725755227 7198.928796465036 0.02430879240192584
146.2830250227165 7198.353271616402 0.024410308158889116
146.38103776357346 7199.037431028941 0.024532947298579237
146.5976414382119 7198.353271616402 0.024679035433610653
146.65205379446772 7199.037431028941 0.024774219019888466
147.09652631686026 7199.037431028941 0.02504290798225556
147.135697650017 7198.928796465036 0.0251093977912065
147.7533449241865 7198.928796465036 0.025493249690176682
147.80039754931778 7198.353271616402 0.025567480709220637
148.20531559903822 7199.037431028941 0.02588735900683786
148.54784720050924 7199.037431028941 0.02610121348708922
149.55796351916297 7198.353271616402 0.026954990923599192
149.79935586370348 7198.353271616402 0.027229202428417087
150.0629281596366 7199.037431028941 0.027373373472174244
150.10596836509018 7198.928796465036 0.027456377973481317
150.2511126779418 7198.928796465036 0.027527664754718635
150.66299808688382 7199.037431028941 0.027982036223658885
150.787792368123 7198.928796465036 0.02809795900461719
151.12149324152958 7198.928796465036 0.028377622531009748
151.39014871733386 7198.928796465036 0.02869567124729933
151.71308447305083 7198.353271616402 0.029033514130118843
151.76586470002067 7184.0085399418 0.02818543862351207
152.2112527403234 7198.353271616402 0.029636779440718214
152.5775020640526 7198.353271616402 0.030141328609583143
152.58275990333507 7198.353271616402 0.030163265529968574
152.7096162781318 7198.928796465036 0.030307849222974085
152.79254279021583 7198.353271616402 0.030371666273630176
152.91278240897913 7198.353271616402 0.030536193176520916
152.92967558944758 7198.353271616402 0.030552645866809988
154.0686004685236 7019.07258542369 0.02232714970012132
154.09439676619516 7199.037431028941 0.03229202651795555
154.14611587538386 7198.353271616402 0.032351473338415385
154.16979901967574 7199.037431028941 0.03242362927503331
154.42881119577072 7198.353271616402 0.032779243285931306
154.72591416622572 7195.150142915573 0.032987778442423676
154.84709875114206 7198.928796465036 0.0335322051743236
155.1797909313449 7198.928796465036 0.03419023700112962
155.29107751081384 7198.928796465036 0.034480867724635614
155.39724283366434 7195.150142915573 0.03421706847255226
155.55457240218934 7198.928796465036 0.0348976212149461
155.6008405253678 7198.353271616402 0.03492357725360725
155.797190279814 7198.928796465036 0.03527050591680284
155.8304164607418 7198.928796465036 0.03531437470525658
155.9552528264366 7199.037431028941 0.035669830616284745
155.97029749931886 7198.928796465036 0.035665325012886454
156.25121966252308 7198.928796465036 0.03623561926278501
156.61837151081085 7198.353271616402 0.036843057787332524
156.94305129863508 7198.928796465036 0.03772715807021199
157.18496927740006 7198.353271616402 0.038395094904601815
157.22310750014486 7198.928796465036 0.038478411072482205
157.31936993987082 7198.353271616402 0.03875705409096144
157.4099842406281 7198.928796465036 0.038955484146916575
157.5227345971194 7198.928796465036 0.039355786841556904
157.59217315801357 7135.192183014908 0.03461594033765685
157.67687869682135 7198.353271616402 0.03989777395100389
157.91842538343022 7198.353271616402 0.0409123565188301
158.21145498879176 7198.928796465036 0.042388216843421325
158.2538927430581 7198.353271616402 0.042442456715713964
158.30035361178943 7184.0085399418 0.0411010143237475
158.38570554014584 7199.037431028941 0.04297378363410047
158.3890273855787 7198.353271616402 0.04296345857486797
158.42332988525104 7198.928796465036 0.04312301905002139
158.5370032279188 7198.928796465036 0.043441067766310966
158.58578852975515 7199.037431028941 0.04361534707485455
158.5954804811365 7198.353271616402 0.043544786965081905
158.81810047404124 7198.928796465036 0.04426360754981849
158.82360001670835 7180.5522851748665 0.0425453444527014
158.82874667173016 7198.928796465036 0.04430747633827223
158.96994594023928 7198.928796465036 0.04470229543435584
159.13684071413707 7198.353271616402 0.04506391870177305
159.5766187627429 7198.928796465036 0.04613351465765894
159.66613826395985 7198.353271616402 0.0463088389336463
159.77506891708762 7198.928796465036 0.04657220254219629
159.95984563193738 7198.928796465036 0.04693960364549632
160.3353974244229 7184.0085399418 0.046607186076701355
160.4326825934223 7198.928796465036 0.04797052017415909
160.53679434959702 7198.928796465036 0.04821728210921135
160.8093965422533 7198.928796465036 0.04888079753457409
160.8398346915586 7198.928796465036 0.04891918272447111
161.105216047181 7199.037431028941 0.04944425252375704
161.32221059622785 7198.928796465036 0.04986236167622641
161.34568717722786 7198.353271616402 0.04989552541666438
161.3592826153466 7198.353271616402 0.049911978106953456
161.3929060587307 7198.928796465036 0.04997203364736075
161.49844197387546 7198.928796465036 0.0501858939910727
161.55717267662214 7198.353271616402 0.050257484603024004
161.72965333600825 7198.928796465036 0.05059168028426975
161.79284451190858 7198.928796465036 0.050717803051074234
162.16173569959474 7198.353271616402 0.05128303563104294
162.3286141274705 7198.353271616402 0.051634026357209845
162.39455132637764 6908.664937338735 0.028924728046895505
162.39455132637764 6931.6084332779465 0.03134648868253047
162.39455132637764 6986.934969433646 0.035786588058520245
162.39455132637764 7076.506230305042 0.04342517624950065
162.39455132637764 7085.588479477523 0.04413358566430621
162.39455132637764 7140.5116571832705 0.0476499747428489
162.39455132637764 7158.020712790103 0.0488523864830485
162.45764551370442 7198.928796465036 0.051863875149428064
162.5622239057141 7198.928796465036 0.052066768296026585
162.63221549898222 7198.928796465036 0.052264177844068394
162.84781740558577 7198.928796465036 0.05260416095458484
162.94286816063234 7198.353271616402 0.052796683137637725
163.17761522427057 7198.928796465036 0.05324574198572071
163.89435084040412 7198.928796465036 0.05447406806242529
163.94290284384743 7198.353271616402 0.054524215617990465
164.15769518871903 7198.928796465036 0.05496210833397309
164.2428267625713 7199.037431028941 0.055075753837042885
164.3192833511444 7198.928796465036 0.05526918985314923
164.6443720787595 7198.928796465036 0.05581754970882092
164.69517662601672 7198.928796465036 0.05594915607418212
164.72017685183565 7198.353271616402 0.055900757372176306
164.79778536225555 7198.353271616402 0.05604883158477797
165.15478128786876 7199.037431028941 0.05676465588620748
165.29450117116644 7198.353271616402 0.05703050877202604
165.98348687766787 7198.928796465036 0.058323554249240524
166.1378695962325 7198.928796465036 0.05865257016264353
166.1901041963696 7198.353271616402 0.058681262031029774
166.77481958755703 7198.353271616402 0.05986037150174673
166.89902222648647 7198.353271616402 0.06013458300656462
167.1841982461949 7198.928796465036 0.06075278840986609
167.23220298509634 7198.928796465036 0.0609172963665676
167.3630135223841 7198.928796465036 0.061153091104506424
167.45050876849362 7180.5522851748665 0.05968678611730383
167.55453556803892 7198.928796465036 0.061564360996260184
167.55782170888372 7198.353271616402 0.06149467207046139
167.5857491380548 7198.353271616402 0.061560482831617684
167.78152094727594 7117.452957194392 0.05548459071259239
168.02021478606457 7198.928796465036 0.06260076112347968
168.0371523026965 7184.0085399418 0.06131047987854518
168.44488133950625 7198.353271616402 0.06365545872842641
168.55884908872827 7198.928796465036 0.06396617716410218
169.1637893820711 7198.928796465036 0.0660554282142113
169.47688534790984 7198.928796465036 0.06728923788947258
169.8697704250749 7199.037431028941 0.06965624263161646
169.98388969623326 7198.928796465036 0.07017909432886238
170.0198248703107 7198.928796465036 0.07031618429278029
170.06559165645294 7198.928796465036 0.07049714304515195
170.09625388964764 7198.928796465036 0.07058488062205942
170.51397178421809 7198.353271616402 0.07213407845739576
170.65648992821926 7198.928796465036 0.07266864807361183
170.76148041682117 7199.037431028941 0.07304501362636881
170.78513045661637 7198.353271616402 0.07307188180387296
170.96859601200748 7198.928796465036 0.07362827782103727
171.01812844563082 7198.928796465036 0.07379278577773879
171.1094292650878 7198.928796465036 0.07399019532578059
171.35351841834924 7198.353271616402 0.07456907662017867
171.66654041074116 7198.928796465036 0.07539399655630011
171.81077144023206 7198.928796465036 0.07575043046248671
171.8112877087016 7198.928796465036 0.07575043046248671
171.9331844476612 7198.353271616402 0.07600046067532809
172.07966871702615 7199.037431028941 0.07632959910510125
172.24020568807356 7024.009958956064 0.05795534718587132
172.42028702289247 7198.928796465036 0.07709391210888233
172.5135777482878 7198.928796465036 0.07725293646702712
172.69166762214522 7198.353271616402 0.0775250766421156
172.96337764016099 7198.928796465036 0.07816869742599884
173.5359706948785 7184.0085399418 0.07773548372901494
173.58088059564062 7198.928796465036 0.07914477796909444
173.7410795262871 7198.353271616402 0.07935680949429914
173.8603042821971 7198.353271616402 0.07952682062728623
173.8796823052285 7198.928796465036 0.07953959706517805
174.15189964506155 7198.928796465036 0.07997280135115868
174.212562281884 7198.353271616402 0.07996555903499487
174.37615987581256 7198.353271616402 0.08016299131846376
174.46099898615552 7198.353271616402 0.08032203399125813
174.61335424564047 7198.928796465036 0.08058148079095426
174.83915534170737 7198.928796465036 0.08077340674043934
175.0493898513521 7180.5522851748665 0.07951999559628987
175.2224530475341 7198.928796465036 0.08121757822353341
175.52384317618154 7198.928796465036 0.08160691372106031
175.70812005854765 7198.928796465036 0.08165626610807077
175.95178185964605 7198.928796465036 0.0819633476272469
176.53437467060658 7198.353271616402 0.08232926220652513
177.33067475747288 7198.353271616402 0.08289413790645
177.35303360030102 7198.353271616402 0.08290510636664272
177.72248430645416 7135.192183014908 0.07802340702210664
178.04239687841076 7198.353271616402 0.08327803401319506
178.66090813883014 7198.928796465036 0.0834932716245709
179.0456197275004 6850.85775145805 0.050963389998700516
179.0456197275004 6852.5950704057905 0.05121573906779561
179.0456197275004 6853.824982775199 0.051343502077823955
179.0456197275004 6855.815062814181 0.051468592534900465
179.0456197275004 6856.612202759399 0.05173115609016524
179.0456197275004 6858.345116589479 0.05184726522187823
179.0456197275004 6858.577262632978 0.05190348146051514
179.0456197275004 6859.404145196024 0.05204728355393096
179.0456197275004 6860.415152679738 0.052035932379223354
179.0456197275004 6861.458516985746 0.052194871855313484
179.0456197275004 6862.404638660004 0.052337296583905825
179.0456197275004 6863.3959499720195 0.05246137261947539
179.0456197275004 6864.887219874749 0.05259159806380949
179.0456197275004 6866.912685642649 0.052821481756164176
179.0456197275004 6868.869748537695 0.05305178682795383
179.0456197275004 6869.9494610664515 0.0531687116925285
179.0456197275004 6870.619968186104 0.05327263851885833
179.0456197275004 6871.099151505674 0.053255238196049375
179.0456197275004 6871.803294672865 0.05340585036013523
179.0456197275004 6872.221831021753 0.05343641601505086
179.0456197275004 6873.192402990286 0.05351327839366117
179.0456197275004 6875.943131109049 0.05386892873087858
179.0456197275004 6876.433349482253 0.05385704300222618
179.0456197275004 6876.5254681659535 0.05389720998531571
179.0456197275004 6876.630943292255 0.05393118517039247
179.0456197275004 6878.643058919265 0.054165761555577736
179.0456197275004 6880.021865547679 0.05431975583988731
179.0456197275004 6884.000687106027 0.054653781197222744
179.0456197275004 6886.633715286342 0.05503850526883359
179.0456197275004 6887.644774267774 0.05517891985960636
179.0456197275004 6889.138512082662 0.055313116876270364
179.0456197275004 6889.663158054204 0.0552952476894423
179.0456197275004 6890.464848704049 0.0553792279583997
179.0456197275004 6890.5966417259 0.055465442429423854
179.0456197275004 6891.452127602678 0.055548725154415855
179.0456197275004 6892.076329372291 0.05570515372187229
179.0456197275004 6892.505028513504 0.05568823019830957
179.0456197275004 6894.4487921880955 0.05579348919937279
179.0456197275004 6894.774123139185 0.0559007301319854
179.0456197275004 6895.108328045123 0.05601347833463008
179.0456197275004 6897.59536485455 0.05615290616430747
179.0456197275004 6898.16652273463 0.05623955008359933
179.0456197275004 6899.395555809114 0.056329631794272354
179.0456197275004 6899.659088739516 0.05641400268832915
179.0456197275004 6900.821515016304 0.05654005480476533
179.0456197275004 6902.437200614411 0.056707142565108955
179.0456197275004 6902.523701402232 0.05672367068498271
179.0456197275004 6905.692496613603 0.057028960976805536
179.0456197275004 6905.960862036046 0.05698477915771781
179.0456197275004 6906.331302344231 0.057126016876947676
179.0456197275004 6906.335394175935 0.05706765951983567
179.0456197275004 6909.422470971271 0.057490100482291674
179.0456197275004 6909.6205375917225 0.05743493448253743
179.0456197275004 6911.048492478771 0.05763288910653282
179.0456197275004 6911.576286141662 0.05770228442522136
179.0456197275004 6912.142813162563 0.057636602069066005
179.0456197275004 6912.9147993804045 0.05778453756635956
179.0456197275004 6913.468539043855 0.05785321400270359
179.0456197275004 6914.2097617700865 0.05791984899592778
179.0456197275004 6914.275325855231 0.05797709345543943
179.0456197275004 6915.995394881553 0.058136013696875107
179.0456197275004 6916.912005434501 0.05821766267641716
179.0456197275004 6917.557554182849 0.05830267324888227
179.0456197275004 6917.768690514302 0.05829413682298701
179.0456197275004 6918.026307217728 0.0583198481902744
179.0456197275004 6918.483294201516 0.058331538725692765
179.0456197275004 6918.925159726843 0.058361025915601154
179.0456197275004 6919.892200581476 0.05845353566503552
179.0456197275004 6920.660896398765 0.05857747888208875
179.0456197275004 6920.79104724164 0.05856995759088291
179.0456197275004 6921.545236972966 0.05869419805147594
179.0456197275004 6922.477290284342 0.058775638378915904
179.0456197275004 6923.497440171439 0.05881497933103484
179.0456197275004 6924.641463336487 0.05911415949779121
179.0456197275004 6927.572291279664 0.05934974934504412
179.0456197275004 6929.423686760486 0.05944790904551208
179.0456197275004 6929.549990187684 0.059475215273221346
179.0456197275004 6930.65921055023 0.05958296568058329
179.0456197275004 6930.896270320718 0.059632095569241844
179.0456197275004 6931.103944060909 0.05968156674270523
179.0456197275004 6932.07532160709 0.05977355687482953
179.0456197275004 6933.5882539918575 0.059910427326626985
179.0456197275004 6935.112575096751 0.060041756074928954
179.0456197275004 6935.132678387869 0.060064605552365875
179.0456197275004 6937.028615257599 0.06033553234165401
179.0456197275004 6938.029234496097 0.06043850955436162
179.0456197275004 6938.8348876095115 0.06052071924853247
179.0456197275004 6938.838946415052 0.06049754011438903
179.0456197275004 6939.719553283269 0.060578672321294075
179.0456197275004 6942.2112151546535 0.06078925272879933
179.0456197275004 6943.483649899365 0.060899718078301295
179.0456197275004 6943.747522544802 0.06095986755656921
179.0456197275004 6944.414666522188 0.06103786361689567
179.0456197275004 6947.658310348334 0.06140000809721283
179.0456197275004 6948.623388541226 0.061439269089542316
179.0456197275004 6948.925299654946 0.061551004359742346
179.0456197275004 6948.986659368718 0.06153872840391331
179.0456197275004 6949.897860881809 0.061590223260223606
179.0456197275004 6951.344245166478 0.06157100256594004
179.0456197275004 6952.158011334383 0.06177376391802019
179.0456197275004 6952.925056181043 0.061925532222190126
179.0456197275004 6953.219748787292 0.0618638290989336
179.0456197275004 6954.5507756465395 0.06200189424565132
179.0456197275004 6955.098377187983 0.062064027347900404
179.0456197275004 6958.202994586025 0.06235717748078388
179.0456197275004 6963.303768770288 0.06287647781050593
179.0456197275004 6964.779875542893 0.06305823508395855
179.0456197275004 6965.165061803527 0.0631222918779386
179.0456197275004 6965.217033409864 0.06304665982921742
179.0456197275004 6966.650842051876 0.06325745357356803
179.0456197275004 6966.80214790527 0.06323222781572915
179.0456197275004 6967.569691511625 0.06327962128978012
179.0456197275004 6967.797285371099 0.0633224110428388
179.0456197275004 6967.972168835532 0.06338932493363354
179.0456197275004 6969.735971114247 0.06350914962325081
179.0456197275004 6971.621089832711 0.06370185391900757
179.0456197275004 6971.7485345426685 0.06370002128896024
179.0456197275004 6973.604589198829 0.06392780730209124
179.0456197275004 6976.484069850384 0.0641870143008231
179.0456197275004 6981.403625706659 0.06467615985300873
179.0456197275004 6982.1277223217 0.06472354423694075
179.0456197275004 6982.456361175985 0.06472482620451322
179.0456197275004 6983.644817060757 0.06482863111498818
179.0456197275004 6983.82403741982 0.0647116212338594
179.0456197275004 6984.026265176102 0.06485211582825466
179.0456197275004 6989.100847842476 0.06538911308814088
179.0456197275004 6989.551487346812 0.06538274152408792
179.0456197275004 6990.487983922523 0.0655186246418338
179.0456197275004 6990.953774892029 0.06556954336826785
179.0456197275004 6991.263937914034 0.06556503503715715
179.0456197275004 6992.135567527054 0.06565002692453112
179.0456197275004 6993.371940963873 0.06591908732704115
179.0456197275004 6993.878972582828 0.0657916587927411
179.0456197275004 6994.052265677216 0.06581802981108954
179.0456197275004 6995.627653915693 0.06597898014791748
179.0456197275004 6997.935132949712 0.06626082080799181
179.0456197275004 6998.018856412519 0.06612236958039157
179.0456197275004 6998.039849804124 0.06621353335278603
179.0456197275004 6998.913733308405 0.06629865858192947
179.0456197275004 7002.985779710553 0.0666979104750583
179.0456197275004 7004.895333900473 0.06681901279707496
179.0456197275004 7006.175967741696 0.06700630540071278
179.0456197275004 7009.17857438713 0.06728881278538813
179.0456197275004 7009.418548007348 0.0672739414071195
179.0456197275004 7009.9229086555015 0.06732942223845505
179.0456197275004 7010.524759534459 0.06732629200403992
179.0456197275004 7011.538153542405 0.06749425234897798
179.0456197275004 7012.40732785131 0.06759030578196565
179.0456197275004 7013.224967067561 0.06765819608558785
179.0456197275004 7013.388982913105 0.06765017849199922
179.0456197275004 7014.262481918743 0.067751480976789
179.0456197275004 7015.540795963904 0.06787544388647906
179.0456197275004 7016.976866817556 0.06803690175676523
179.0456197275004 7017.257238221537 0.06807291043457947
179.0456197275004 7018.976831925292 0.06811605759591725
179.0456197275004 7019.282087300323 0.06821430808923619
179.0456197275004 7020.051767597707 0.06825429365404766
179.0456197275004 7020.070404906929 0.06822543263727941
179.0456197275004 7022.602684240297 0.06850726221372308
179.0456197275004 7023.382721184882 0.06858700414833867
179.0456197275004 7026.3839126241655 0.06885001649170297
179.0456197275004 7027.258179042419 0.06896257633132058
179.0456197275004 7027.56337764783 0.06896924213997385
179.0456197275004 7027.768821242929 0.06897179046947663
179.0456197275004 7027.792106536738 0.06898316069540301
179.0456197275004 7029.2741673149585 0.06899530559123407
179.0456197275004 7029.649973935114 0.0691716675759229
179.0456197275004 7030.134296647336 0.06919868625913425
179.0456197275004 7030.378810297799 0.06924021000477283
179.0456197275004 7031.142814888672 0.06933145480161797
179.0456197275004 7033.0810802831775 0.06945603843336343
179.0456197275004 7033.686665924119 0.06953781512605042
179.0456197275004 7034.213922716974 0.06956966049733167
179.0456197275004 7041.323674881335 0.0703713571456915
179.0456197275004 7042.536017848363 0.0704724230952327
179.0456197275004 7043.405575392073 0.07052724027537752
179.0456197275004 7044.157022234345 0.07059536691348513
179.0456197275004 7044.215509536887 0.0706002322748775
179.0456197275004 7045.4115829547945 0.07072383325781605
179.0456197275004 7047.57296385871 0.07105331687820564
179.0456197275004 7047.583406554936 0.07097406052920596
179.0456197275004 7048.780848797806 0.07111445663800958
179.0456197275004 7050.127645932789 0.07122407178988106
179.0456197275004 7050.450422792743 0.07121357850070721
179.0456197275004 7051.199425582989 0.07136068967857992
179.0456197275004 7052.128724961653 0.07140877650399009
179.0456197275004 7052.864073654064 0.0714879467996675
179.0456197275004 7054.2674973109115 0.07163652603551299
179.0456197275004 7054.746700354189 0.07168576289772824
179.0456197275004 7057.693721156468 0.07187242263673442
179.0456197275004 7059.042152275397 0.0719985542685785
179.0456197275004 7061.088114637814 0.07222692633361558
179.0456197275004 7061.890900641953 0.07227113669714415
179.0456197275004 7063.583435427715 0.07243686669224346
179.0456197275004 7064.3111341618305 0.07251609118242691
179.0456197275004 7064.799535392913 0.07253088160640758
179.0456197275004 7067.149418110573 0.07274295572167913
179.0456197275004 7069.734318675353 0.07296238906888294
179.0456197275004 7071.554301278717 0.07318749155139008
179.0456197275004 7074.733436927404 0.073413859870317
179.0456197275004 7077.235489948724 0.07360006300700953
179.0456197275004 7078.402393004136 0.0738011945872375
179.0456197275004 7078.4126212420715 0.07368308567957615
179.0456197275004 7078.568311296224 0.07378745613245748
179.0456197275004 7079.673138675209 0.07380376721956705
179.0456197275004 7079.727310559463 0.073870409104199
179.0456197275004 7080.2661282433855 0.07390707924799857
179.0456197275004 7081.392787649933 0.07398476800719445
179.0456197275004 7082.446223675233 0.07404160625779696
179.0456197275004 7084.257110126535 0.07422636400914488
179.0456197275004 7084.513631903099 0.07421137772984632
179.0456197275004 7085.636893460232 0.0742945388179138
179.0456197275004 7087.423958126448 0.07450797678256672
179.0456197275004 7087.619540961422 0.0745892483258396
179.0456197275004 7087.925895735921 0.07460667598408181
179.0456197275004 7088.281207978507 0.07460684499421913
179.0456197275004 7088.659279877434 0.07456128043818643
179.0456197275004 7088.967665663512 0.07467452300785635
179.0456197275004 7089.090783551286 0.07465559327740523
179.0456197275004 7089.463647552711 0.07468339514866541
179.0456197275004 7093.243941482054 0.07502200593179002
179.0456197275004 7097.670400994877 0.07543354543825058
179.0456197275004 7099.5156304827315 0.07556075655942396
179.0456197275004 7100.954453489888 0.07564986678010882
179.0456197275004 7102.923785071162 0.07584752163914797
179.0456197275004 7103.263002891809 0.0759263507124914
179.0456197275004 7103.798416468607 0.07596777802640411
179.0456197275004 7103.916879181777 0.07589895057170347
179.0456197275004 7105.4130186328275 0.07607607607607608
179.0456197275004 7109.264497280495 0.07631617178681985
179.0456197275004 7112.698663485151 0.07667396256756154
179.0456197275004 7112.874905206186 0.07670489441770612
179.0456197275004 7113.7323216383775 0.07674658776900103
179.0456197275004 7114.11711926717 0.07671826245192549
179.0456197275004 7114.897306402684 0.07683378074439527
179.0456197275004 7115.774422686741 0.07692007231658594
179.0456197275004 7115.878078841402 0.07700205338809035
179.0456197275004 7116.1861366558305 0.0769805888621692
179.0456197275004 7119.084476848844 0.07718429548838221
179.0456197275004 7119.761549431005 0.07726788691090136
179.0456197275004 7119.979162118262 0.07723656555407507
179.0456197275004 7123.02571573103 0.07755479536008379
179.0456197275004 7124.688787621683 0.07763897320508607
179.0456197275004 7125.277655122074 0.07769071843449109
179.0456197275004 7125.733149863066 0.07774461545314831
179.0456197275004 7126.537382942986 0.0778536791764791
179.0456197275004 7126.6229045426035 0.0778356771442251
179.0456197275004 7126.993232110147 0.07785744505555679
179.0456197275004 7127.600972538428 0.07785860992213026
179.0456197275004 7129.501947141147 0.07801102759123356
179.0456197275004 7131.271699350169 0.07820442941523265
179.0456197275004 7132.48481458353 0.07828451324481217
179.0456197275004 7133.065026364766 0.07833609464823814
179.0456197275004 7134.153030997782 0.07841829389629086
179.0456197275004 7134.395429368462 0.07843104559905734
179.0456197275004 7134.7994910406405 0.07849119940421606
179.0456197275004 7135.0939961331505 0.07850307321247958
179.0456197275004 7135.558150169619 0.07849522116025784
179.0456197275004 7137.3477105080865 0.0786766502988424
179.0456197275004 7137.971011617264 0.07872769382008431
179.0456197275004 7138.708277797015 0.07878764320103955
179.0456197275004 7141.8777728630075 0.07906259191227476
179.0456197275004 7142.386261462104 0.07909309835865452
179.0456197275004 7145.596025418184 0.07933348120217368
179.0456197275004 7148.386382109718 0.07961428690182604
179.0456197275004 7149.551090206756 0.07968352641989263
179.0456197275004 7150.9221068034085 0.07981566513977434
179.0456197275004 7151.530673186801 0.07986641855519373
179.0456197275004 7151.832758671517 0.0798611111111111
179.0456197275004 7151.896274901024 0.07991560433718393
179.0456197275004 7152.687781693066 0.07994108788093551
179.0456197275004 7155.8040442708125 0.08018768743844272
179.0456197275004 7157.760818670675 0.08035951327433628
179.0456197275004 7158.890671113371 0.08025746089149151
179.0456197275004 7159.16151757754 0.08045207986596849
179.0456197275004 7159.175422779708 0.08051798688444822
179.0456197275004 7164.7049406414735 0.08089957142225954
179.0456197275004 7165.511897321598 0.08102421946613361
179.0456197275004 7165.81581273513 0.08099676432586442
179.0456197275004 7166.498464407201 0.08106795044497936
179.0456197275004 7167.954396016353 0.08120891675451329
179.0456197275004 7169.206609363911 0.0812430338678173
179.0456197275004 7169.4320989414155 0.08129417411982807
179.0456197275004 7170.755812549189 0.08139310398084867
179.0456197275004 7170.994094649028 0.08139457921037827
179.0456197275004 7172.65249231697 0.08154274529264191
179.0456197275004 7173.051803882 0.08154702833829529
179.0456197275004 7173.908117148477 0.0816700015985624
179.0456197275004 7176.327657769317 0.08180535966149506
179.0456197275004 7176.783899822765 0.08186335540595631
179.0456197275004 7177.627950973774 0.08208577062471771
179.0456197275004 7179.450759608905 0.08218122154132461
179.0456197275004 7180.5522851748665 0.08216772630941568
179.0456197275004 7181.2507082767315 0.08220550274917304
179.0456197275004 7184.0085399418 0.08250456555699795
179.0456197275004 7184.343596690858 0.08236115923854155
179.0456197275004 7184.463489085145 0.08245835006297679
179.0456197275004 7184.574237096261 0.08247853611048472
179.0456197275004 7185.332004400518 0.08252037438271945
179.0456197275004 7188.053044756773 0.08274846248124475
179.0456197275004 7188.1708797358115 0.0828725941721534
179.0456197275004 7188.726313698816 0.08284104959472455
179.0456197275004 7190.906347760266 0.08296806512210395
179.0456197275004 7191.253429946468 0.08302255713430474
179.0456197275004 7192.634531066231 0.08309219593351745
179.0456197275004 7192.638583274122 0.08310272122290308
179.0456197275004 7193.152028212604 0.08318738573538374
179.0456197275004 7195.746742532415 0.08309829786767046
179.0456197275004 7197.356212659252 0.08344349791281548
179.0456197275004 7198.928796465036 0.08360842719426197
179.0456197275004 7198.970748129601 0.08358557610054616
179.0456197275004 7199.037431028941 0.08361710177828226
179.43581702776115 6851.376407911992 0.051134853558709406
179.43581702776115 6851.402659901486 0.05119361201998606
179.43581702776115 6852.6190006162315 0.051333526212927263
179.43581702776115 6853.005860107129 0.051358803143283914
179.43581702776115 6854.724787403994 0.05152826057447725
179.43581702776115 6856.431783321975 0.05174509156126109
179.43581702776115 6856.506614481022 0.051714678449857526
179.43581702776115 6857.083940643948 0.051861333459172175
179.43581702776115 6858.787657693107 0.05193051559035804
179.43581702776115 6859.0134646831275 0.051933962264150944
179.43581702776115 6859.838354030041 0.05207774522345562
179.43581702776115 6859.874212180562 0.052083333333333336
179.43581702776115 6860.378060480634 0.0521894949042446
179.43581702776115 6861.143186397436 0.05225749798148268
179.43581702776115 6861.365231557798 0.05236111192961158
179.43581702776115 6861.84335078534 0.05240859137915795
179.43581702776115 6863.415501081927 0.05250849714013065
179.43581702776115 6865.9713977600095 0.05285591494071518
179.43581702776115 6866.079825035501 0.052854670261741885
179.43581702776115 6866.2600443049805 0.05278184954288304
179.43581702776115 6866.8850111172305 0.052957172792126764
179.43581702776115 6867.769544981039 0.052982198028542
179.43581702776115 6867.856519422631 0.053034226260533876
179.43581702776115 6868.8811192111725 0.05308120447618936
179.43581702776115 6869.542816190679 0.05327929125659594
179.43581702776115 6869.8057490727215 0.053317333427450424
179.43581702776115 6870.53869575912 0.05325593431670078
179.43581702776115 6871.607981080576 0.05346128290614875
179.43581702776115 6873.6419366012005 0.05368425383354002
179.43581702776115 6875.056445918997 0.05384967919340055
179.43581702776115 6875.195286757119 0.05395972996633392
179.43581702776115 6876.419031008262 0.05394546714753944
179.43581702776115 6876.737133767325 0.05411786817653209
179.43581702776115 6876.811740737948 0.05401119457773653
179.43581702776115 6877.055060282756 0.0540611969225348
179.43581702776115 6878.917671797973 0.05419780555245716
179.43581702776115 6878.943982506589 0.054197487378184805
179.43581702776115 6879.822095173378 0.05432785711350977
179.43581702776115 6880.457651765895 0.05441442287377638
179.43581702776115 6881.11939123775 0.05454140041426819
179.43581702776115 6884.251447978653 0.0547974926262336
179.43581702776115 6884.970048027235 0.05498815693815811
179.43581702776115 6885.336562613648 0.05500741600567486
179.43581702776115 6885.56426268127 0.054998651706470635
179.43581702776115 6886.631271451929 0.055056087583369474
179.43581702776115 6890.608014488236 0.0555532783285414
179.43581702776115 6891.493207724154 0.055677201035092445
179.43581702776115 6891.902390460524 0.05562547930289601
179.43581702776115 6892.158364565981 0.055762712856565845
179.43581702776115 6892.886047950265 0.0558007234077421
179.43581702776115 6893.325927275739 0.055959361868979485
179.43581702776115 6894.406660337986 0.0558698768393646
179.43581702776115 6894.645024405642 0.05590236539260369
179.43581702776115 6894.792574847803 0.05598815882617929
179.43581702776115 6897.283869936579 0.05626761469284654
179.43581702776115 6897.907076956856 0.05636528398959338
179.43581702776115 6898.115246786256 0.05633374646306386
179.43581702776115 6898.313145282009 0.056383725008768856
179.43581702776115 6898.342898663053 0.0563541660577221
179.43581702776115 6898.49841791108 0.056404800458299965
179.43581702776115 6898.675688711902 0.05643204947595471
179.43581702776115 6900.913267336905 0.056597159333243746
179.43581702776115 6900.9241861918945 0.05662637227808386
179.43581702776115 6906.6808803527565 0.05724422451873421
179.43581702776115 6907.017560349931 0.05730990057414928
179.43581702776115 6908.277029741944 0.057422519847635495
179.43581702776115 6908.438709242705 0.05740301101862492
179.43581702776115 6908.710119352593 0.05743465910747928
179.43581702776115 6909.291904560135 0.05746844892341428
179.43581702776115 6909.52190212997 0.05758789808545752
179.43581702776115 6910.790789898411 0.05770038012173224
179.43581702776115 6911.394707371716 0.057750937060980376
179.43581702776115 6911.577571687443 0.05762067699195001
179.43581702776115 6912.169981819553 0.0578052874527906
179.43581702776115 6912.618836063136 0.05782320854119073
179.43581702776115 6913.389880135137 0.057906666433594954
179.43581702776115 6913.393634166972 0.057906666433594954
179.43581702776115 6914.34377558848 0.05802302278976558
179.43581702776115 6914.764838077041 0.05813411622163195
179.43581702776115 6916.148708142216 0.058203862011134144
179.43581702776115 6916.335719097113 0.058242250962260746
179.43581702776115 6916.631624423017 0.05827927938419257
179.43581702776115 6916.817837402843 0.05830019388759178
179.43581702776115 6916.868566350851 0.05829951499554588
179.43581702776115 6917.034922637058 0.05828583405625389
179.43581702776115 6918.373634911584 0.05848422939693959
179.43581702776115 6919.432037034979 0.05857570150018039
179.43581702776115 6920.714750091254 0.058728053335194944
179.43581702776115 6921.857578946214 0.05877186860227061
179.43581702776115 6922.130936991623 0.05885534496094727
179.43581702776115 6924.337046715849 0.059042370763069014
179.43581702776115 6927.930820298189 0.0594843259004548
179.43581702776115 6928.764262974557 0.05958395762918568
179.43581702776115 6929.311774495153 0.05958284460032286
179.43581702776115 6929.446219355412 0.059621760665199544
179.43581702776115 6930.061557440922 0.059567352910439963
179.43581702776115 6930.090875452111 0.05973537386134705
179.43581702776115 6930.440681845614 0.059684423184098084
179.43581702776115 6931.4978496530275 0.059867901750475926
179.43581702776115 6931.674950789012 0.0598774245220601
179.43581702776115 6932.06544548734 0.05981417968047262
179.43581702776115 6932.308149114384 0.059880691247983474
179.43581702776115 6932.518252317138 0.05986630612647533
179.43581702776115 6933.188333625338 0.059915641190770426
179.43581702776115 6935.106782804829 0.06020994026561503
179.43581702776115 6935.24178538981 0.06021979296546525
179.43581702776115 6935.415420759172 0.060182554134143654
179.43581702776115 6937.1677486954895 0.0603569710214658
179.43581702776115 6939.090099404962 0.06066786804883561
179.43581702776115 6939.152186413074 0.06056286613242477
179.43581702776115 6939.327930097746 0.06059517463554824
179.43581702776115 6939.398354238506 0.06070455993974158
179.43581702776115 6939.607485697393 0.06063222053557979
179.43581702776115 6941.2497968951075 0.06081930278757551
179.43581702776115 6941.322804329717 0.06085878768924256
179.43581702776115 6941.721571238311 0.060946159592765684
179.43581702776115 6941.785433676804 0.060864378413124934
179.43581702776115 6942.351089620984 0.060972785176606835
179.43581702776115 6944.337148465776 0.06109680219939227
179.43581702776115 6945.185238784558 0.061201578648889504
179.43581702776115 6945.338558471512 0.061245746823137284
179.43581702776115 6945.414556953809 0.06121575094754506
179.43581702776115 6947.006272854198 0.06133947267952382
179.43581702776115 6947.0681921413325 0.061361546070327455
179.43581702776115 6947.16493777853 0.06133734382230449
179.43581702776115 6947.183779721851 0.06137747930657504
179.43581702776115 6947.277090040378 0.06138219846833715
179.43581702776115 6948.110438614806 0.06152734002255444
179.43581702776115 6949.903455141217 0.061624908950064165
179.43581702776115 6950.839905426761 0.06171647872752389
179.43581702776115 6950.98698135863 0.06180103223270895
179.43581702776115 6953.867985682981 0.06209206954311789
179.43581702776115 6954.188290132888 0.06211086853565281
179.43581702776115 6954.385150994224 0.0621599768986428
179.43581702776115 6954.456088253625 0.062141933099242284
179.43581702776115 6954.653378935732 0.06212751212751213
179.43581702776115 6954.794723327726 0.062206565991972974
179.43581702776115 6955.162635082424 0.062126470299516685
179.43581702776115 6956.6975878319145 0.062394652381722045
179.43581702776115 6957.479330136212 0.06228032205003896
179.43581702776115 6958.406329958018 0.06250432775533757
179.43581702776115 6960.254544416982 0.06265249266016416
179.43581702776115 6960.362179401925 0.062726030004672
179.43581702776115 6960.610190717382 0.06268240071056973
179.43581702776115 6960.946736358972 0.06275844170823841
179.43581702776115 6961.965361703687 0.06287730708688657
179.43581702776115 6962.082380250778 0.06289892006895875
179.43581702776115 6963.2356829673645 0.06294097302282683
179.43581702776115 6965.514242904142 0.0631517693557494
179.43581702776115 6965.603046633141 0.06319676900829065
179.43581702776115 6966.186413870102 0.063200281120565
179.43581702776115 6966.500067804158 0.0633345237958088
179.43581702776115 6967.1629093062675 0.0633081260403048
179.43581702776115 6967.5427767366455 0.06337212985412431
179.43581702776115 6967.9985140339395 0.06348109502585542
179.43581702776115 6968.78417464808 0.063527704850076
179.43581702776115 6969.654796462506 0.06359659221736128
179.43581702776115 6969.944306100875 0.06359832154307521
179.43581702776115 6970.159783737364 0.06361266036986514
179.43581702776115 6970.218629662807 0.06372704197627503
179.43581702776115 6970.441958319743 0.06367194244604317
179.43581702776115 6970.797279276567 0.06370170864913705
179.43581702776115 6971.067376470208 0.06366926967940935
179.43581702776115 6971.397346241612 0.06379146646718646
179.43581702776115 6971.795120187147 0.06384349827387802
179.43581702776115 6971.914201345642 0.06385316878110527
179.43581702776115 6973.1049609367865 0.06396355457897371
179.43581702776115 6973.413638113707 0.06396489149377951
179.43581702776115 6973.633674228977 0.06393894253719755
179.43581702776115 6973.7978555471855 0.06398849748382458
179.43581702776115 6975.474466699346 0.06417229127620186
179.43581702776115 6975.546639238541 0.06417118448209451
179.43581702776115 6978.390680369704 0.06444236326969152
179.43581702776115 6978.831751457819 0.0644877746116371
179.43581702776115 6978.841818858327 0.06452798970493612
179.43581702776115 6979.622134146663 0.06455744917946155
179.43581702776115 6979.7883142364335 0.06453799275125073
179.43581702776115 6981.466541861497 0.06477302741126079
179.43581702776115 6981.99147100188 0.06478281337910921
179.43581702776115 6982.082655180138 0.0648333668226311
179.43581702776115 6982.137627066381 0.06482688145498804
179.43581702776115 6982.241830568117 0.06482539281593194
179.43581702776115 6984.2355650663085 0.06498112081530534
179.43581702776115 6984.473158820637 0.06499497919954096
179.43581702776115 6984.540688742863 0.06507456520367003
179.43581702776115 6984.831373852252 0.06515078490773892
179.43581702776115 6984.91539106468 0.06506360053014786
179.43581702776115 6985.264717537885 0.06512185606756013
179.43581702776115 6985.880703896492 0.06512473684512439
179.43581702776115 6985.993210782741 0.06527774591010256
179.43581702776115 6986.45629170902 0.06524843847684816
179.43581702776115 6987.369712543675 0.06530453083156042
179.43581702776115 6987.463998884522 0.06533170477157127
179.43581702776115 6987.623911069539 0.06534665955628953
179.43581702776115 6988.203687503405 0.06542479388122513
179.43581702776115 6988.776025975086 0.06545667178793368
179.43581702776115 6990.812116264215 0.06561153387732649
179.43581702776115 6990.896043680534 0.0656619774804458
179.43581702776115 6991.885725944946 0.06577409597140108
179.43581702776115 6991.935617763763 0.0657561556882111
179.43581702776115 6994.727509366531 0.0659857207472847
179.43581702776115 6994.769801559084 0.06600824458948815
179.43581702776115 6995.505762651037 0.06607780729071258
179.43581702776115 6995.901748787565 0.06614082185194302
179.43581702776115 6995.914175749866 0.06614082185194302
179.43581702776115 6996.378950283973 0.06606570512820513
179.43581702776115 6996.545157910319 0.06620613871925919
179.43581702776115 6997.560083510227 0.06630618258804681
179.43581702776115 6997.741796574969 0.06632679334672228
179.43581702776115 6998.093011405502 0.06633292330577567
179.43581702776115 6998.185908328639 0.0663260635741584
179.43581702776115 6998.547313196701 0.06642944588734682
179.43581702776115 6998.814341845813 0.06639704368121181
179.43581702776115 6998.964435125803 0.06640086490444293
179.43581702776115 7002.546247873433 0.06669257853582697
179.43581702776115 7003.0650826064775 0.0666453297975093
179.43581702776115 7003.134752753164 0.06662704173191446
179.43581702776115 7004.148526936312 0.06691541151463899
179.43581702776115 7004.197165666796 0.06684646283418946
179.43581702776115 7004.545401617091 0.0668814918926331
179.43581702776115 7006.535196161099 0.06714410540202512
179.43581702776115 7009.9215808911185 0.06746638665053531
179.43581702776115 7010.8012011404 0.06748791801941105
179.43581702776115 7011.3639838177 0.06759393434579705
179.43581702776115 7011.461237913942 0.06760950674897026
179.43581702776115 7012.777405433761 0.06787578064847292
179.43581702776115 7015.032414951599 0.06787709497206704
179.43581702776115 7015.178986439665 0.06786945988314094
179.43581702776115 7016.879804886901 0.06806124600402304
179.43581702776115 7017.859330314992 0.06817793375340406
179.43581702776115 7018.744178785892 0.06825625573169133
179.43581702776115 7020.844276085251 0.06836789305275624
179.43581702776115 7021.480502779509 0.06844963623322062
179.43581702776115 7021.732225994979 0.06849736154516113
179.43581702776115 7022.148225961746 0.06855373476694349
179.43581702776115 7022.379550776092 0.0685904550499445
179.43581702776115 7022.435959108964 0.0686579736705806
179.43581702776115 7022.988162222481 0.06860993182257936
179.43581702776115 7023.650484991908 0.06861724222301883
179.43581702776115 7023.856658516683 0.06868239725520765
179.43581702776115 7024.677390999982 0.06874992888919229
179.43581702776115 7025.252555130286 0.06880428661626935
179.43581702776115 7025.414801803384 0.06885881837676114
179.43581702776115 7025.971616627892 0.06888471819370984
179.43581702776115 7026.019682601164 0.06891237089949498
179.43581702776115 7027.255675679554 0.0690535484824708
179.43581702776115 7029.849342187511 0.06937877892439878
179.43581702776115 7032.395284924439 0.06946061531995615
179.43581702776115 7033.678312892553 0.06957188280717692
179.43581702776115 7033.734534740107 0.06962219370663518
179.43581702776115 7034.656364063539 0.06969958445922932
179.43581702776115 7035.0907061997505 0.06976664982715854
179.43581702776115 7035.877376239649 0.06979489449608972
179.43581702776115 7036.846109649401 0.06992209442858845
179.43581702776115 7037.778695816976 0.06998195990333231
179.43581702776115 7038.450464468125 0.07006279105383467
179.43581702776115 7040.102478058546 0.0702649678783858
179.43581702776115 7041.70750008921 0.07040545059828479
179.43581702776115 7042.575151255123 0.07047729153207068
179.43581702776115 7045.8103275093845 0.07084808155174854
179.43581702776115 7046.205784403119 0.07089869188515771
179.43581702776115 7046.41593085261 0.07091813044315337
179.43581702776115 7046.942639380676 0.07101767656750728
179.43581702776115 7047.867536236301 0.07103757083095108
179.43581702776115 7049.284943065647 0.07105021900784354
179.43581702776115 7049.299698480964 0.07115733955078181
179.43581702776115 7049.840135874929 0.07111533608333757
179.43581702776115 7051.3101845724 0.07147786539353554
179.43581702776115 7051.501918498301 0.07143543998778204
179.43581702776115 7051.881125590083 0.07145200334834054
179.43581702776115 7051.994027397216 0.07146735441835211
179.43581702776115 7052.122617138584 0.07147664481684039
179.43581702776115 7053.76240939027 0.07168945124778091
179.43581702776115 7054.178661641868 0.0716886200463565
179.43581702776115 7054.586610671323 0.07168254147706396
179.43581702776115 7055.928111158964 0.07183706684147471
179.43581702776115 7055.942161180167 0.0718427179637876
179.43581702776115 7056.114881540556 0.07183987613229884
179.43581702776115 7056.247510196041 0.0718265449120745
179.43581702776115 7057.193956651845 0.07180669254193432
179.43581702776115 7058.477774009034 0.0720579264848745
179.43581702776115 7058.665352282902 0.0721059082000915
179.43581702776115 7059.593656083471 0.072159418162106
179.43581702776115 7060.921405866499 0.07229711421216638
179.43581702776115 7061.09376485525 0.07229466553767994
179.43581702776115 7062.601184245464 0.0724632774100346
179.43581702776115 7062.883744699321 0.07247570788520354
179.43581702776115 7064.406137842437 0.07261599210266535
179.43581702776115 7067.108453252028 0.07284484459653733
179.43581702776115 7067.221694314156 0.07283756433890891
179.43581702776115 7067.619952612309 0.07285395386592708
179.43581702776115 7070.296513247758 0.07308855924325482
179.43581702776115 7070.337930462493 0.07305434427430169
179.43581702776115 7070.956732568901 0.07316839602978786
179.43581702776115 7070.984200039063 0.07313981850239124
179.43581702776115 7071.220629592304 0.07315342109265424
179.43581702776115 7073.326101979729 0.07334568241831868
179.43581702776115 7073.673264109212 0.07334594424176913
179.43581702776115 7073.702600418352 0.07342434904996481
179.43581702776115 7075.448056555132 0.0736728365533426
179.43581702776115 7075.53446898455 0.0735815503055815
179.43581702776115 7075.543783756644 0.07356466734948845
179.43581702776115 7075.606154418609 0.07355217026736523
179.43581702776115 7076.475670371838 0.0736345784874725
179.43581702776115 7076.707188046294 0.07367023371479368
179.43581702776115 7076.8496848144105 0.0736906657364847
179.43581702776115 7077.671992931802 0.07374531708798812
179.43581702776115 7077.8129956973 0.0737484531443357
179.43581702776115 7080.727068994218 0.07398392264882793
179.43581702776115 7081.962061350989 0.07407157629709558
179.43581702776115 7082.204264385224 0.07412964680097783
179.43581702776115 7082.448098914989 0.0741652337120829
179.43581702776115 7083.359601285582 0.07425177960435757
179.43581702776115 7086.772568484797 0.07459142024624264
179.43581702776115 7086.939321575662 0.0745548045182008
179.43581702776115 7087.007943678926 0.07455958141989379
179.43581702776115 7087.612704973169 0.07458363504706735
179.43581702776115 7087.983995464933 0.07454409725925136
179.43581702776115 7088.093636100197 0.07464345249120208
179.43581702776115 7089.029737157996 0.07476305112708541
179.43581702776115 7090.155305114522 0.07477348593228421
179.43581702776115 7090.968375630407 0.07490071574412709
179.43581702776115 7091.244935388698 0.07491895045039992
179.43581702776115 7092.081088208032 0.07495036956448592
179.43581702776115 7092.605407485879 0.07503770950503821
179.43581702776115 7093.156413807403 0.07506812141871966
179.43581702776115 7094.29763275292 0.07514531869215979
179.43581702776115 7094.320463395669 0.07518974002533604
179.43581702776115 7094.51103428102 0.07521481539608428
179.43581702776115 7095.426125009918 0.07530093474703549
179.43581702776115 7096.946120411188 0.07540574002386541
179.43581702776115 7098.468289012274 0.07552125627943705
179.43581702776115 7098.752127807014 0.07553382726005074
179.43581702776115 7099.0365759659035 0.07556837271810952
179.43581702776115 7099.097895508524 0.07558992507643547
179.43581702776115 7100.66670386691 0.07571567716438464
179.43581702776115 7100.927248889828 0.07572305780544189
179.43581702776115 7102.254103963744 0.07588653672894947
179.43581702776115 7102.325825873347 0.07585728355269049
179.43581702776115 7102.7472356267 0.07588406445837063
179.43581702776115 7104.886479817137 0.07605102879737809
179.43581702776115 7106.678072882476 0.07621821678556254
179.43581702776115 7108.125212307973 0.07634010160795426
179.43581702776115 7108.7972615606095 0.07637973042448086
179.43581702776115 7109.389661879158 0.07642578965307228
179.43581702776115 7109.391958891462 0.07646490213498276
179.43581702776115 7110.894224592697 0.07654668543468061
179.43581702776115 7111.698074131664 0.07667906488400407
179.43581702776115 7111.709400943551 0.07659529314523786
179.43581702776115 7111.816576086562 0.07666059800516023
179.43581702776115 7112.195994195268 0.07668209764514707
179.43581702776115 7113.812533762043 0.07685136598599962
179.43581702776115 7114.624756556324 0.0768492317309356
179.43581702776115 7114.865591208154 0.07691234414939334
179.43581702776115 7115.108669787296 0.07692522336999894
179.43581702776115 7115.40809933814 0.07695956428085135
179.43581702776115 7116.56284855793 0.07703551622945515
179.43581702776115 7117.63945626731 0.07712430695775371
179.43581702776115 7118.793705117103 0.07726152370543034
179.43581702776115 7119.04770605674 0.07722375875451666
179.43581702776115 7119.09253632286 0.07726236080674931
179.43581702776115 7119.3822610767975 0.07729107656622879
179.43581702776115 7119.441909469417 0.07726190542567368
179.43581702776115 7120.232954895021 0.07734976028542759
179.43581702776115 7120.874791138095 0.07742259134360804
179.43581702776115 7121.958334946069 0.0775497921380248
179.43581702776115 7122.832280530274 0.07758010686486999
179.43581702776115 7122.903592498548 0.07762381533421366
179.43581702776115 7125.608517202839 0.07778532608695653
179.43581702776115 7126.768634978329 0.07790588274591237
179.43581702776115 7126.917802725373 0.0778977136717641
179.43581702776115 7127.05914584063 0.07788997873501152
179.43581702776115 7127.179790865516 0.0779601765724242
179.43581702776115 7127.21467392484 0.07793190977711474
179.43581702776115 7127.62737275374 0.07799732828676388
179.43581702776115 7128.494803041466 0.07804421986387895
179.43581702776115 7129.449563549061 0.07810648253759828
179.43581702776115 7129.654099800466 0.07807518763526708
179.43581702776115 7130.112510910629 0.0781456879958165
179.43581702776115 7130.9144811840115 0.07821051928981444
179.43581702776115 7131.52180988337 0.0782783762589888
179.43581702776115 7131.666636413051 0.0782312736009076
179.43581702776115 7132.353603737072 0.07834229505279722
179.43581702776115 7132.816437854576 0.07833489013432969
179.43581702776115 7133.346494013862 0.07845960550601526
179.43581702776115 7134.206074950527 0.07850635599108438
179.43581702776115 7134.460513467158 0.07853577740970887
179.43581702776115 7134.742985571064 0.0785865535850252
179.43581702776115 7134.868104301158 0.07856769704447186
179.43581702776115 7136.339941517814 0.07867147436787804
179.43581702776115 7136.760091553529 0.0787367017582845
179.43581702776115 7137.401977388292 0.07879242348497473
179.43581702776115 7138.206948087072 0.07886260135510385
179.43581702776115 7139.136632121911 0.07888059079930036
179.43581702776115 7139.555206237662 0.07845162150007495
179.43581702776115 7140.150341808945 0.07903005540319984
179.43581702776115 7140.461095092778 0.07902522967609425
179.43581702776115 7140.90539031926 0.07904552569354248
179.43581702776115 7141.040727890032 0.07905998323777384
179.43581702776115 7141.64538098515 0.0791664354292691
179.43581702776115 7142.678417968639 0.07917704697912101
179.43581702776115 7143.256025248426 0.07921731363487582
179.43581702776115 7143.981893693664 0.07929930829436596
179.43581702776115 7145.300837737599 0.0793937747117768
179.43581702776115 7145.484592587347 0.07943549505087753
179.43581702776115 7147.291920998104 0.07958803574200128
179.43581702776115 7147.387387428788 0.07959181411023901
179.43581702776115 7148.5158155095805 0.07971183153228041
179.43581702776115 7148.740756344716 0.07968014895350191
179.43581702776115 7148.873557471572 0.0797222714779679
179.43581702776115 7149.20711103354 0.07978346151288813
179.43581702776115 7149.378428893026 0.07973050093360594
179.43581702776115 7149.623445375122 0.07971544445183167
179.43581702776115 7149.973888597763 0.07982050358715825
179.43581702776115 7150.256641158717 0.07982117928604666
179.43581702776115 7154.4733182761975 0.080204343687042
179.43581702776115 7155.2963598955685 0.08018505093881255
179.43581702776115 7160.206709953162 0.08062777443018801
179.43581702776115 7161.010953663821 0.08064712254869448
179.43581702776115 7163.249104914632 0.08085277998762486
179.43581702776115 7164.345384348737 0.08096106048053024
179.43581702776115 7164.851635716491 0.08100779260944722
179.43581702776115 7166.926045304031 0.08116567668425817
179.43581702776115 7167.548350330675 0.08118297078450745
179.43581702776115 7167.793020031219 0.08123920278616412
179.43581702776115 7168.489579686253 0.08127169480207719
179.43581702776115 7169.560609240143 0.08136365642655367
179.43581702776115 7169.599072562822 0.08136872479296438
179.43581702776115 7169.786017165158 0.0814317870856689
179.43581702776115 7171.256261910749 0.0815224585245323
179.43581702776115 7171.6671466806865 0.08152629489102621
179.43581702776115 7172.334740959292 0.08158673967345453
179.43581702776115 7173.643661442896 0.08171860443322326
179.43581702776115 7173.977683624443 0.08164705233856076
179.43581702776115 7174.718975287417 0.08177774838378996
179.43581702776115 7174.756406064512 0.08177684697842322
179.43581702776115 7174.9220401019775 0.0817686317518228
179.43581702776115 7175.4251857279805 0.08184823937840965
179.43581702776115 7175.915221784265 0.08187824055452396
179.43581702776115 7175.995983812273 0.08184382782712185
179.43581702776115 7176.07829774094 0.08191410231686823
179.43581702776115 7180.431596702044 0.08223604535946273
179.43581702776115 7180.737733080765 0.08221960456206791
179.43581702776115 7181.957159535425 0.08232536127406201
179.43581702776115 7182.1228622856315 0.08235566023200018
179.43581702776115 7182.325068995115 0.0823685426892347
179.43581702776115 7182.499323966461 0.08239838449644821
179.43581702776115 7183.3047799624865 0.08244530145404332
179.43581702776115 7183.97294120204 0.08252197542273122
179.43581702776115 7184.0249848590065 0.08253206891240732
179.43581702776115 7185.567780589754 0.08262626818069341
179.43581702776115 7185.827452280328 0.08262722348995134
179.43581702776115 7185.944969184495 0.08267489236758326
179.43581702776115 7186.285335252392 0.0826854773974335
179.43581702776115 7186.6051219233195 0.0826910178455584
179.43581702776115 7187.279800164991 0.08279463500439754
179.43581702776115 7187.391839966826 0.08277082737846574
179.43581702776115 7187.870948020906 0.08273515735783932
179.43581702776115 7188.025699629816 0.08282036625849144
179.43581702776115 7190.730682976906 0.08300421310511889
179.43581702776115 7191.570712141609 0.08310495762921305
179.43581702776115 7191.696843621152 0.08312464302974386
179.43581702776115 7192.252628060588 0.08315349598317491
179.43581702776115 7194.052513661476 0.08330908951184837
179.43581702776115 7195.150142915573 0.08348745191225942
179.43581702776115 7195.908291826172 0.08344124489706334
179.43581702776115 7197.034573599909 0.08353676264873197
179.43581702776115 7197.428058399932 0.08357971531225145
179.43581702776115 7198.195961955323 0.083604354621987
179.43581702776115 7198.353271616402 0.0836125720490729
179.43581702776115 7198.928796465036 0.08370713196828286
179.91146201692422 6963.923848091106 0.06309291897686535
179.91146201692422 6978.690476470722 0.06453595927794184
179.91146201692422 7199.037431028941 0.08369387005324429
